+1  0.574000 0.252000
+1  0.574000 0.260000
+1  0.574000 0.260000
+1  0.586000 0.268000
+1  0.592000 0.280000
+1  0.592000 0.282000
+1  0.592000 0.282000
+1  0.590000 0.296000
+1  0.582000 0.298000
+1  0.582000 0.298000
+1  0.580000 0.294000
+1  0.580000 0.294000
+1  0.576000 0.286000
+1  0.576000 0.302000
+1  0.574000 0.276000
+1  0.570000 0.268000
+1  0.570000 0.268000
+1  0.568000 0.296000
+1  0.568000 0.308000
+1  0.568000 0.326000
+1  0.568000 0.346000
+1  0.568000 0.356000
+1  0.568000 0.356000
+1  0.568000 0.364000
+1  0.568000 0.364000
+1  0.574000 0.370000
+1  0.574000 0.370000
+1  0.582000 0.384000
+1  0.578000 0.410000
+1  0.568000 0.412000
+1  0.568000 0.412000
+1  0.576000 0.388000
+1  0.586000 0.382000
+1  0.586000 0.382000
+1  0.596000 0.348000
+1  0.592000 0.320000
+1  0.584000 0.316000
+1  0.584000 0.316000
+1  0.582000 0.336000
+1  0.592000 0.364000
+1  0.588000 0.378000
+1  0.578000 0.390000
+1  0.578000 0.410000
+1  0.578000 0.416000
+1  0.578000 0.416000
+1  0.578000 0.416000
+1  0.578000 0.416000
+1  0.578000 0.416000
+1  0.578000 0.416000
+1  0.578000 0.416000
+1  0.578000 0.416000
+1  0.578000 0.416000
+1  0.584000 0.450000
+1  0.592000 0.446000
+1  0.592000 0.446000
+1  0.596000 0.408000
+1  0.592000 0.404000
+1  0.592000 0.404000
+1  0.576000 0.414000
+1  0.566000 0.440000
+1  0.576000 0.452000
+1  0.590000 0.424000
+1  0.596000 0.426000
+1  0.596000 0.426000
+1  0.586000 0.436000
+1  0.586000 0.436000
+1  0.578000 0.442000
+1  0.578000 0.442000
+1  0.576000 0.452000
+1  0.576000 0.452000
+1  0.570000 0.462000
+1  0.570000 0.462000
+1  0.566000 0.468000
+1  0.566000 0.468000
+1  0.580000 0.478000
+1  0.588000 0.478000
+1  0.588000 0.478000
+1  0.594000 0.466000
+1  0.596000 0.466000
+1  0.596000 0.466000
+1  0.590000 0.466000
+1  0.590000 0.466000
+1  0.584000 0.470000
+1  0.582000 0.468000
+1  0.582000 0.468000
+1  0.582000 0.468000
+1  0.582000 0.468000
+1  0.602000 0.478000
+1  0.598000 0.486000
+1  0.598000 0.486000
+1  0.582000 0.500000
+1  0.572000 0.498000
+1  0.572000 0.498000
+1  0.570000 0.484000
+1  0.588000 0.490000
+1  0.586000 0.490000
+1  0.586000 0.490000
+1  0.570000 0.500000
+1  0.568000 0.506000
+1  0.568000 0.506000
+1  0.590000 0.510000
+1  0.594000 0.500000
+1  0.594000 0.500000
+1  0.594000 0.502000
+1  0.594000 0.502000
+1  0.590000 0.520000
+1  0.584000 0.520000
+1  0.584000 0.520000
+1  0.578000 0.524000
+1  0.578000 0.524000
+1  0.578000 0.530000
+1  0.578000 0.530000
+1  0.586000 0.532000
+1  0.592000 0.532000
+1  0.592000 0.532000
+1  0.602000 0.542000
+1  0.602000 0.542000
+1  0.614000 0.550000
+1  0.632000 0.538000
+1  0.668000 0.534000
+1  0.680000 0.536000
+1  0.682000 0.548000
+1  0.650000 0.550000
+1  0.618000 0.526000
+1  0.612000 0.524000
+1  0.612000 0.524000
+1  0.606000 0.532000
+1  0.606000 0.532000
+1  0.600000 0.544000
+1  0.590000 0.546000
+1  0.590000 0.546000
+1  0.580000 0.552000
+1  0.580000 0.552000
+1  0.580000 0.556000
+1  0.580000 0.556000
+1  0.592000 0.564000
+1  0.614000 0.564000
+1  0.648000 0.566000
+1  0.656000 0.574000
+1  0.656000 0.574000
+1  0.616000 0.574000
+1  0.604000 0.576000
+1  0.608000 0.578000
+1  0.608000 0.578000
+1  0.638000 0.578000
+1  0.658000 0.578000
+1  0.666000 0.584000
+1  0.672000 0.606000
+1  0.678000 0.622000
+1  0.678000 0.642000
+1  0.678000 0.664000
+1  0.676000 0.672000
+1  0.676000 0.672000
+1  0.672000 0.684000
+1  0.684000 0.670000
+1  0.698000 0.660000
+1  0.702000 0.620000
+1  0.686000 0.582000
+1  0.676000 0.560000
+1  0.676000 0.568000
+1  0.676000 0.568000
+1  0.684000 0.616000
+1  0.696000 0.648000
+1  0.686000 0.676000
+1  0.706000 0.684000
+1  0.722000 0.668000
+1  0.710000 0.638000
+1  0.692000 0.608000
+1  0.688000 0.572000
+1  0.674000 0.554000
+1  0.654000 0.538000
+1  0.624000 0.552000
+1  0.602000 0.564000
+1  0.638000 0.558000
+1  0.664000 0.560000
+1  0.678000 0.560000
+1  0.698000 0.568000
+1  0.714000 0.582000
+1  0.714000 0.612000
+1  0.712000 0.636000
+1  0.698000 0.678000
+1  0.708000 0.680000
+1  0.708000 0.680000
+1  0.694000 0.618000
+1  0.692000 0.610000
+1  0.692000 0.610000
+1  0.712000 0.596000
+1  0.712000 0.590000
+1  0.712000 0.590000
+1  0.708000 0.586000
+1  0.708000 0.586000
+1  0.692000 0.574000
+1  0.684000 0.568000
+1  0.684000 0.568000
+1  0.670000 0.562000
+1  0.654000 0.554000
+1  0.628000 0.550000
+1  0.620000 0.552000
+1  0.620000 0.552000
+1  0.684000 0.694000
+1  0.682000 0.694000
+1  0.682000 0.694000
+1  0.676000 0.702000
+1  0.676000 0.702000
+1  0.676000 0.708000
+1  0.676000 0.734000
+1  0.688000 0.740000
+1  0.690000 0.724000
+1  0.692000 0.700000
+1  0.696000 0.696000
+1  0.696000 0.696000
+1  0.706000 0.706000
+1  0.706000 0.706000
+1  0.704000 0.730000
+1  0.696000 0.754000
+1  0.694000 0.750000
+1  0.694000 0.750000
+1  0.702000 0.704000
+1  0.706000 0.692000
+1  0.712000 0.702000
+1  0.712000 0.702000
+1  0.716000 0.714000
+1  0.716000 0.738000
+1  0.716000 0.748000
+1  0.716000 0.748000
+1  0.716000 0.754000
+1  0.716000 0.754000
+1  0.710000 0.764000
+1  0.710000 0.764000
+1  0.708000 0.758000
+1  0.708000 0.758000
+1  0.694000 0.752000
+1  0.654000 0.752000
+1  0.678000 0.754000
+1  0.686000 0.762000
+1  0.686000 0.762000
+1  0.688000 0.770000
+1  0.688000 0.770000
+1  0.688000 0.762000
+1  0.688000 0.762000
+1  0.700000 0.736000
+1  0.700000 0.698000
+1  0.700000 0.678000
-1  0.410000 0.276000
-1  0.410000 0.296000
-1  0.410000 0.310000
-1  0.412000 0.324000
-1  0.414000 0.362000
-1  0.418000 0.386000
-1  0.420000 0.420000
-1  0.420000 0.466000
-1  0.420000 0.472000
-1  0.420000 0.472000
-1  0.424000 0.516000
-1  0.424000 0.556000
-1  0.430000 0.570000
-1  0.450000 0.572000
-1  0.462000 0.588000
-1  0.472000 0.598000
-1  0.472000 0.598000
-1  0.480000 0.606000
-1  0.480000 0.606000
-1  0.500000 0.614000
-1  0.512000 0.622000
-1  0.520000 0.636000
-1  0.526000 0.652000
-1  0.528000 0.656000
-1  0.528000 0.656000
-1  0.540000 0.666000
-1  0.568000 0.692000
-1  0.578000 0.702000
-1  0.578000 0.702000
-1  0.580000 0.728000
-1  0.580000 0.746000
-1  0.580000 0.776000
-1  0.578000 0.792000
-1  0.580000 0.798000
-1  0.580000 0.798000
-1  0.582000 0.842000
-1  0.582000 0.848000
-1  0.582000 0.848000
-1  0.572000 0.850000
-1  0.572000 0.850000
-1  0.572000 0.850000
-1  0.564000 0.846000
-1  0.564000 0.846000
-1  0.558000 0.844000
-1  0.558000 0.844000
-1  0.548000 0.844000
-1  0.548000 0.844000
-1  0.546000 0.828000
-1  0.546000 0.804000
-1  0.546000 0.798000
-1  0.546000 0.798000
-1  0.546000 0.780000
-1  0.542000 0.750000
-1  0.540000 0.740000
-1  0.540000 0.740000
-1  0.544000 0.728000
-1  0.556000 0.712000
-1  0.562000 0.706000
-1  0.562000 0.706000
-1  0.566000 0.728000
-1  0.566000 0.738000
-1  0.566000 0.738000
-1  0.564000 0.742000
-1  0.564000 0.742000
-1  0.562000 0.754000
-1  0.562000 0.778000
-1  0.562000 0.794000
-1  0.562000 0.826000
-1  0.562000 0.840000
-1  0.562000 0.792000
-1  0.556000 0.742000
-1  0.540000 0.720000
-1  0.540000 0.720000
-1  0.540000 0.720000
-1  0.534000 0.712000
-1  0.534000 0.712000
-1  0.522000 0.702000
-1  0.506000 0.694000
-1  0.482000 0.686000
-1  0.468000 0.668000
-1  0.460000 0.656000
-1  0.450000 0.646000
-1  0.450000 0.646000
-1  0.440000 0.632000
-1  0.428000 0.612000
-1  0.420000 0.602000
-1  0.420000 0.602000
-1  0.418000 0.590000
-1  0.428000 0.586000
-1  0.428000 0.586000
-1  0.434000 0.588000
-1  0.434000 0.588000
-1  0.448000 0.592000
-1  0.450000 0.604000
-1  0.452000 0.616000
-1  0.472000 0.634000
-1  0.502000 0.644000
-1  0.516000 0.656000
-1  0.522000 0.686000
-1  0.536000 0.698000
-1  0.546000 0.700000
-1  0.546000 0.700000
-1  0.532000 0.696000
-1  0.532000 0.696000
-1  0.508000 0.682000
-1  0.488000 0.660000
-1  0.474000 0.656000
-1  0.474000 0.654000
-1  0.474000 0.654000
-1  0.476000 0.642000
-1  0.478000 0.626000
-1  0.474000 0.614000
-1  0.504000 0.632000
-1  0.512000 0.638000
-1  0.512000 0.638000
-1  0.502000 0.646000
-1  0.502000 0.646000
-1  0.498000 0.654000
-1  0.498000 0.654000
-1  0.490000 0.678000
-1  0.476000 0.650000
-1  0.458000 0.628000
-1  0.448000 0.602000
-1  0.444000 0.594000
-1  0.444000 0.594000
-1  0.402000 0.578000
-1  0.380000 0.558000
-1  0.368000 0.542000
-1  0.378000 0.524000
-1  0.380000 0.494000
-1  0.380000 0.462000
-1  0.380000 0.442000
-1  0.378000 0.424000
-1  0.372000 0.392000
-1  0.370000 0.370000
-1  0.362000 0.338000
-1  0.350000 0.320000
-1  0.358000 0.286000
-1  0.366000 0.276000
-1  0.366000 0.276000
-1  0.372000 0.280000
-1  0.372000 0.280000
-1  0.378000 0.282000
-1  0.378000 0.282000
-1  0.378000 0.290000
-1  0.378000 0.290000
-1  0.388000 0.294000
-1  0.394000 0.312000
-1  0.396000 0.318000
-1  0.396000 0.318000
-1  0.376000 0.320000
-1  0.352000 0.324000
-1  0.384000 0.332000
-1  0.388000 0.364000
-1  0.390000 0.384000
-1  0.398000 0.420000
-1  0.404000 0.476000
-1  0.406000 0.494000
-1  0.408000 0.506000
-1  0.408000 0.546000
-1  0.402000 0.550000
-1  0.402000 0.550000
-1  0.396000 0.540000
-1  0.396000 0.540000
-1  0.396000 0.516000
-1  0.394000 0.488000
-1  0.394000 0.462000
-1  0.396000 0.448000
-1  0.404000 0.444000
-1  0.404000 0.444000
-1  0.410000 0.448000
-1  0.410000 0.448000
-1  0.414000 0.440000
-1  0.414000 0.440000
-1  0.414000 0.430000
-1  0.406000 0.410000
-1  0.406000 0.394000
-1  0.406000 0.378000
-1  0.406000 0.348000
-1  0.408000 0.350000
-1  0.408000 0.350000
-1  0.374000 0.326000
-1  0.368000 0.306000
-1  0.366000 0.298000
-1  0.366000 0.298000
-1  0.356000 0.318000
-1  0.356000 0.320000
-1  0.356000 0.320000
-1  0.370000 0.338000
-1  0.380000 0.370000
-1  0.404000 0.398000
-1  0.406000 0.424000
-1  0.396000 0.434000
-1  0.396000 0.434000
-1  0.372000 0.424000
-1  0.382000 0.406000
-1  0.388000 0.394000
-1  0.388000 0.390000
-1  0.388000 0.390000
-1  0.378000 0.374000
-1  0.376000 0.358000
-1  0.372000 0.346000
-1  0.394000 0.342000
-1  0.398000 0.354000
-1  0.396000 0.374000
-1  0.396000 0.384000
-1  0.396000 0.384000
-1  0.394000 0.432000
